Version 0.9.7
5
 4 10 175 77 128 0 1
 5 80 400 206 81 2 2
 0 210 210 877 276 8 3
 1 293 37 206 81 140 4
 3 628 90 203 58 150 5
 0
21
 16711680 5 419 315 419 315 419 315 419 224 419 224 419 224 0 3 0 3
 16711680 5 71 189 71 189 263 189 263 189 263 224 263 224 0 1 0 3
 16711680 5 510 380 510 380 510 380 510 471 510 471 510 471 0 3 0 3
 16711680 5 71 288 71 288 71 471 71 471 263 471 263 471 0 1 0 3
 16711680 5 484 380 484 380 484 380 484 471 484 471 484 471 0 3 0 3
 16711680 5 471 380 471 380 471 380 471 471 471 471 471 471 0 3 0 3
 16711680 5 419 380 419 380 275 380 275 74 349 74 349 74 0 3 0 4
 16711680 5 432 380 432 380 335 380 335 74 368 74 368 74 0 3 0 4
 16711680 5 445 380 445 380 332 380 332 74 387 74 387 74 0 3 0 4
 16711680 5 308 106 308 106 97 106 97 275 71 275 71 275 0 4 0 1
 16711680 5 308 48 308 48 71 48 71 48 71 202 71 202 0 4 0 1
 16711680 5 674 134 674 134 674 170 432 170 432 315 432 315 0 5 0 3
 16711680 5 694 134 694 134 444 134 444 315 445 315 445 315 0 5 0 3
 16711680 5 714 134 714 134 714 205 458 205 458 315 458 315 0 5 0 3
 16711680 5 734 134 734 134 470 134 470 315 471 315 471 315 0 5 0 3
 16711680 5 754 134 754 134 486 134 486 315 484 315 484 315 0 5 0 3
 16711680 5 774 134 774 134 774 203 497 203 497 315 497 315 0 5 0 3
 16711680 5 794 134 794 134 794 315 794 315 510 315 510 315 0 5 0 3
 16711680 5 814 134 814 134 814 380 814 380 497 380 497 380 0 5 0 3
 16711680 5 71 249 71 249 639 249 639 249 639 127 639 127 0 1 0 5
 16711680 5 458 380 458 380 458 224 458 224 367 224 367 224 0 3 0 3
1
 7138 1 16 413 328 5 0 0 0 3
