Version 0.9.7
6
 4 10 175 77 128 0 1
 5 80 400 206 81 2 2
 0 300 300 877 276 8 3
 1 215 102 206 81 140 4
 3 981 181 203 58 150 5
 1 557 100 206 81 159 7
 0
22
 255 5 470 405 470 405 470 266 353 266 353 314 353 314 0 3 0 3
 255 5 366 314 366 314 56 314 56 189 71 189 71 189 0 3 0 1
 255 5 71 202 71 202 71 113 71 113 230 113 230 113 0 1 0 4
 0 5 71 288 71 288 71 548 71 548 353 548 353 548 0 1 0 3
 0 5 561 470 561 470 561 470 561 548 561 548 561 548 0 3 0 3
 0 5 230 171 230 171 230 548 230 548 366 548 366 548 0 4 0 3
 0 5 992 218 992 218 992 280 71 280 71 275 71 275 0 5 0 1
 8454143 5 535 405 535 405 535 61 271 61 271 113 271 113 0 3 0 4
 8454143 5 522 405 522 405 522 83 290 83 290 113 290 113 0 3 0 4
 8454143 5 509 405 509 405 509 95 309 95 309 113 309 113 0 3 0 4
 8454143 5 470 470 460 470 460 37 328 37 328 113 328 113 0 3 0 4
 8454143 5 483 470 475 470 475 46 347 46 347 113 347 113 0 3 0 4
 8454143 5 496 470 496 470 496 113 496 113 366 113 366 113 0 3 0 4
 8454143 5 509 470 509 470 509 126 509 126 385 126 385 126 0 3 0 4
 8454143 5 522 470 522 470 522 139 522 139 404 139 404 139 0 3 0 4
 8454143 5 548 405 548 405 548 127 613 127 613 111 613 111 0 3 0 7
 255 5 71 215 71 215 71 13 572 13 572 111 572 111 0 1 0 7
 0 5 71 262 71 262 71 216 572 216 572 169 572 169 0 1 0 7
 32896 5 561 405 561 405 1027 405 1027 405 1027 225 1027 225 0 3 0 5
 32896 5 548 470 548 470 1047 470 1047 470 1047 225 1047 225 0 3 0 5
 32896 5 535 470 535 470 535 519 1067 519 1067 225 1067 225 0 3 0 5
 32896 5 483 405 483 405 483 260 1087 260 1087 225 1087 225 0 3 0 5
1
 7147 1 16 464 418 5 0 0 0 3
