Version 0.9.7
6
 4 10 175 77 128 0 1
 5 80 400 206 81 2 2
 0 137 111 877 276 8 3
 3 332 18 203 58 140 4
 1 318 535 206 81 149 5
 1 104 536 206 81 159 6
 0
23
 0 5 190 372 190 372 71 372 71 372 71 288 71 288 0 3 0 1
 0 5 343 55 343 55 55 55 55 275 71 275 71 275 0 4 0 1
 0 5 359 372 359 372 359 372 359 281 359 281 359 281 0 3 0 3
 255 5 71 189 71 189 71 125 71 125 190 125 190 125 0 1 0 3
 255 5 268 125 268 125 268 125 268 216 268 216 268 216 0 3 0 3
 255 5 333 546 333 507 120 507 120 202 71 202 71 202 0 5 0 1
 255 5 119 547 119 520 98 520 98 215 71 215 71 215 0 6 0 1
 0 5 333 604 333 661 16 661 16 262 71 262 71 262 0 5 0 1
 0 5 119 605 119 605 32 605 32 249 71 249 71 249 0 6 0 1
 8454143 5 333 281 333 327 154 327 154 547 160 547 160 547 0 3 0 6
 8454143 5 179 547 179 547 179 302 320 302 320 281 320 281 0 6 0 3
 8454143 5 307 281 307 289 201 289 201 547 198 547 198 547 0 3 0 6
 8454143 5 294 281 294 358 219 358 219 547 217 547 217 547 0 3 0 6
 8454143 5 346 216 346 216 346 184 236 184 236 547 236 547 0 3 0 6
 8454143 5 333 216 333 194 258 194 258 547 255 547 255 547 0 3 0 6
 8454143 5 320 216 320 200 428 200 428 522 274 522 274 547 0 3 0 6
 8454143 5 307 216 307 216 307 547 307 547 293 547 293 547 0 3 0 6
 8454143 5 294 216 294 216 294 531 374 531 374 546 374 546 0 3 0 5
 8454143 5 393 546 393 546 393 318 281 318 281 281 281 281 0 5 0 3
 33023 5 378 62 378 62 378 281 378 281 346 281 346 281 0 4 0 3
 33023 5 398 62 398 62 398 216 398 216 359 216 359 216 0 4 0 3
 0 5 268 281 268 281 268 281 268 372 268 372 268 372 0 3 0 3
 0 5 281 216 281 178 511 178 511 372 463 372 463 372 0 3 0 3
1
 7153 1 16 262 229 5 0 0 0 3
