Version 0.9.7
5
 4 10 175 77 128 0 1
 5 80 400 206 81 2 2
 0 160 160 877 276 8 3
 1 525 591 206 81 140 4
 6 1271 378 449 130 150 5
 0
20
 255 5 1287 405 1287 405 71 405 71 405 71 228 71 228 0 5 0 1
 0 5 395 330 395 330 395 330 395 408 395 408 395 408 0 3 0 3
 0 5 434 330 434 330 434 330 434 408 434 408 434 408 0 3 0 3
 0 5 213 408 213 408 106 408 106 288 71 288 71 288 0 3 0 1
 0 5 540 660 540 660 71 660 71 660 71 275 71 275 0 4 0 1
 255 5 71 215 71 215 71 195 213 195 213 187 213 187 0 1 0 3
 255 5 71 189 71 189 71 602 71 602 540 602 540 602 0 1 0 4
 8454016 5 382 265 382 265 382 33 1472 33 1472 501 1308 501 0 3 0 5
 8454016 5 1321 501 1421 501 1421 14 395 14 395 265 395 265 0 5 0 3
 8454016 5 408 265 408 265 408 59 1486 59 1486 501 1334 501 0 3 0 5
 8454016 5 421 265 421 265 421 69 1459 69 1459 501 1347 501 0 3 0 5
 8454016 5 434 265 434 265 434 46 1497 46 1497 501 1360 501 0 3 0 5
 8454016 5 1373 501 1442 501 1442 6 356 6 356 265 356 265 0 5 0 3
 8454016 5 1386 501 1446 501 1446 92 366 92 366 265 369 265 0 5 0 3
 16744703 5 421 330 421 330 581 330 581 330 581 628 581 628 0 3 0 4
 16744703 5 343 330 343 330 343 365 600 365 600 628 600 628 0 3 0 4
 16744703 5 356 330 356 346 621 346 621 628 619 628 619 628 0 3 0 4
 16744703 5 408 330 408 337 634 337 634 628 638 628 638 628 0 3 0 4
 255 5 369 330 369 330 293 330 293 187 291 187 291 187 0 3 0 3
 255 5 343 265 343 265 343 265 343 187 343 187 343 187 0 3 0 3
1
 7047 1 16 337 278 5 0 0 0 3
