Version 0.9.7
7
 4 10 175 77 128 0 1
 5 80 400 206 81 2 2
 0 230 230 877 276 8 3
 6 1017 533 449 130 140 4
 3 63 609 203 58 173 5
 1 250 49 206 81 182 6
 1 638 53 206 81 192 7
 0
35
 8454143 5 478 335 478 335 478 20 306 20 306 86 306 86 0 3 0 6
 8454143 5 491 400 507 400 507 32 325 32 325 86 325 86 0 3 0 6
 8454143 5 426 400 417 400 417 40 344 40 344 86 344 86 0 3 0 6
 8454143 5 400 400 400 400 400 429 363 429 363 86 363 86 0 3 0 6
 16711935 5 465 335 465 335 465 29 382 29 382 86 382 86 0 3 0 6
 16711935 5 478 400 478 400 483 400 483 92 401 92 401 86 0 3 0 6
 16711935 5 439 400 439 419 567 419 567 73 420 73 420 73 0 3 0 6
 16711935 5 400 335 400 335 400 321 439 321 439 73 439 73 0 3 0 6
 255 5 452 400 452 446 294 446 294 244 283 244 283 244 0 3 0 3
 255 5 309 244 309 244 309 189 309 189 71 189 71 189 0 3 0 1
 255 5 265 60 265 60 287 60 287 202 71 202 71 202 0 6 0 1
 0 5 452 335 452 320 638 320 638 531 452 531 452 478 0 3 0 3
 0 5 283 478 283 478 50 478 50 288 71 288 71 288 0 3 0 1
 0 5 71 275 71 275 71 646 71 646 74 646 74 646 0 1 0 5
 0 5 265 118 265 118 61 118 61 262 71 262 71 262 0 6 0 1
 12632256 5 439 335 439 335 439 271 866 271 866 90 694 90 0 3 0 7
 255 5 653 64 653 64 595 64 595 64 595 244 595 244 0 7 0 3
 0 5 653 122 653 155 1146 155 1146 478 660 478 660 478 0 7 0 3
 33023 5 426 335 426 335 426 302 109 302 109 653 109 653 0 3 0 5
 255 5 777 335 777 335 777 335 777 244 777 244 777 244 0 3 0 3
 0 5 868 400 868 400 868 478 868 478 647 478 647 478 0 3 0 3
 12632256 5 491 335 491 335 491 357 855 357 855 400 855 400 0 3 0 3
 12632256 5 465 400 465 400 465 410 777 410 777 400 777 400 0 3 0 3
 12632256 5 413 400 413 400 413 460 790 460 790 400 790 400 0 3 0 3
 12632256 5 413 335 413 335 413 368 842 368 842 400 842 400 0 3 0 3
 255 5 803 400 803 439 1106 439 1106 208 790 208 790 244 0 3 0 3
 255 5 829 400 829 456 1059 456 1059 232 829 232 829 244 0 3 0 3
 16744448 5 790 335 790 335 790 305 1119 305 1119 656 1119 656 0 3 0 4
 16744448 5 803 335 803 335 803 278 1132 278 1132 656 1132 656 0 3 0 4
 16744448 5 816 335 816 335 816 694 1054 694 1054 656 1054 656 0 3 0 4
 16744448 5 829 335 829 335 829 677 1067 677 1067 656 1067 656 0 3 0 4
 16744448 5 842 335 842 335 842 685 1080 685 1080 656 1080 656 0 3 0 4
 16744448 5 1093 656 1093 656 1093 665 855 665 855 335 855 335 0 4 0 3
 16744448 5 868 335 868 335 868 673 1106 673 1106 656 1106 656 0 3 0 4
 255 5 1033 560 1033 560 1033 215 1033 215 71 215 71 215 0 4 0 1
2
 7047 1 16 771 348 5 0 0 0 3
 7083 1 16 394 348 5 0 0 0 3
