Version 0.9.7
5
 4 10 175 77 128 0 1
 5 80 400 206 81 2 2
 0 310 310 877 276 8 3
 1 390 10 206 81 140 4
 3 688 177 203 58 150 5
 0
21
 0 5 699 214 699 214 699 288 699 288 71 288 71 288 0 5 0 1
 0 5 519 480 519 480 519 480 519 558 519 558 519 558 0 3 0 3
 0 5 363 558 363 558 71 558 71 558 71 275 71 275 0 3 0 1
 0 5 405 79 405 79 405 262 405 262 71 262 71 262 0 4 0 1
 255 5 71 228 71 228 405 228 405 228 405 21 405 21 0 1 0 4
 8454016 5 506 415 506 395 655 395 655 12 446 12 446 21 0 3 0 4
 8454016 5 480 415 480 380 676 380 676 7 465 7 465 47 0 3 0 4
 8454016 5 467 415 467 401 664 401 664 26 484 26 484 47 0 3 0 4
 8454016 5 441 415 441 339 628 339 628 32 503 32 503 47 0 3 0 4
 255 5 428 337 428 337 428 337 428 415 428 415 428 415 0 3 0 3
 255 5 71 189 71 189 363 189 363 189 363 337 363 337 0 1 0 3
 16711935 5 506 480 506 480 506 487 734 487 734 221 734 221 0 3 0 5
 16711935 5 493 480 493 495 750 495 750 221 754 221 754 221 0 3 0 5
 16711935 5 480 480 480 504 763 504 763 221 774 221 774 221 0 3 0 5
 255 5 454 480 454 501 291 501 291 315 454 315 454 324 0 3 0 3
 0 5 467 480 467 480 467 480 467 558 467 558 467 558 0 3 0 3
 0 5 441 480 441 480 441 480 441 558 441 558 441 558 0 3 0 3
 8421504 5 519 415 519 363 1039 363 1039 19 522 19 522 47 0 3 0 4
 8421504 5 493 415 493 392 988 392 988 39 541 39 541 47 0 3 0 4
 8421504 5 454 415 454 348 931 348 931 8 560 8 560 47 0 3 0 4
 8421504 5 579 47 579 47 1103 47 1103 535 428 535 428 480 0 4 0 3
1
 7085 1 16 422 428 5 0 0 0 3
