Version 0.9.7
5
 4 10 175 77 128 0 1
 5 80 400 206 81 2 2
 0 260 260 877 276 8 3
 1 340 619 206 81 140 4
 3 375 179 203 58 150 5
 0
17
 16711680 5 391 365 391 365 391 223 391 223 421 223 421 223 0 3 0 5
 16711680 5 430 365 430 365 430 323 441 323 441 223 441 223 0 3 0 5
 16711680 5 443 365 443 365 443 318 936 318 936 223 461 223 0 3 0 5
 16711680 5 404 365 404 365 404 296 481 296 481 223 481 223 0 3 0 5
 8454016 5 396 656 396 656 226 656 226 365 365 365 365 365 0 4 0 3
 8454016 5 365 430 365 430 365 656 365 656 415 656 415 656 0 3 0 4
 8454016 5 378 430 378 430 378 656 378 656 434 656 434 656 0 3 0 4
 8454016 5 391 430 391 430 391 656 391 656 453 656 453 656 0 3 0 4
 8454016 5 472 656 472 656 431 656 431 430 430 430 430 430 0 4 0 3
 8454016 5 443 430 443 430 443 656 443 656 491 656 491 656 0 3 0 4
 255 5 71 189 71 189 313 189 313 189 313 274 313 274 0 1 0 3
 255 5 417 430 417 430 614 430 614 274 417 274 417 274 0 3 0 3
 0 5 386 216 386 216 71 216 71 216 71 249 71 249 0 5 0 1
 0 5 313 521 313 521 71 521 71 521 71 288 71 288 0 3 0 1
 0 5 355 688 355 688 71 688 71 688 71 275 71 275 0 4 0 1
 0 5 417 365 417 365 417 365 417 521 417 521 417 521 0 3 0 3
 255 5 355 630 355 630 71 630 71 630 71 202 71 202 0 4 0 1
1
 7090 1 14 359 378 5 0 0 0 3
